0 0.440085 0.909148 0.151453 0.181704
0 0.704295 0.771930 0.287095 0.451128
0 0.076495 0.810150 0.152990 0.379699
0 0.161311 0.484336 0.094866 0.284461
0 0.304027 0.679198 0.072398 0.258145
0 0.501248 0.462406 0.062412 0.303258
0 0.572814 0.520677 0.060748 0.377193
0 0.642715 0.361529 0.064076 0.229323
0 0.559915 0.260025 0.034951 0.098997
0 0.257010 0.370301 0.064908 0.246867
0 0.365606 0.191729 0.020804 0.052632
0 0.360197 0.350877 0.048265 0.110276
0 0.628985 0.140351 0.018307 0.057644
0 0.455480 0.207393 0.034118 0.098997